-60
-60
-60
-60
-60
-60
-60
-60
-60
-60
-60
-60
-58
-63
-68
-69
-56
-57
-56
-45
-16
4
25
46
67
84
93
90
76
31
-17
-54
-61
-73
-51
-12
37
45
52
56
68
70
71
70
73
52
37
27
29
11
10
17
27
24
32
37
31
4
-22
-45
-55
-85
-97
-91
-64
-30
20
62
78
62
20
-30
-62
-93
-104
-93
-60
-32
13
53
82
65
25
-15
-29
-17
17
56
81
61
32
0
-19
-40
-44
-34
-14
-10
5
20
31
20
5
-10
-14
-34
-44
-40
-16
-2
25
52
79
66
44
24
24
19
30
49
78
68
64
62
70
62
64
68
73
54
44
36
27
5
-2
-6
-8
-42
-63
-72
-62
-51
-22
10
36
26
5
-16
-21
-21
-9
9
35
26
17
13
20
34
59
77
77
44
5
-34
-62
-88
-90
-76
-54
-53
-41
-28
-13
-14
-22
-27
-16
-15
-9
3
25
41
59
71
79
48
10
-19
-24
-17
17
56
79
63
39
9
-20
-45
-56
-57
-49
-76
-90
-88
-60
-37
-2
36
76
85
78
67
61
67
78
85
81
31
-17
-54
-63
-70
-44
-3
35
39
39
33
26
12
-2
-13
-11
-34
-44
-40
-14
-5
17
44
71
81
86
81
76
39
3
-22
-22
-17
17
56
79
63
39
9
-18
-48
-63
-66
-59
-59
-41
-22
-10
-22
-41
-59
-66
-59
-41
-22
-5
-27
-56
-76
-65
-45
-9
33
76
88
86
75
66
54
44
36
32
1
-17
-24
-14
-21
-9
9
35
26
17
13
20
34
59
77
79
42
-2
-43
-67
-76
-56
-27
-5
-22
-41
-59
-64
-61
-48
-31
-10
-14
-22
-27
-23
-8
13
29
31
12
-14
-42
-57
-85
-97
-91
-60
-34
5
44
77
77
59
34
25
9
3
9
29
30
44
60
73
63
52
38
32
-2
-24
-32
-17
-11
17
50
76
71
59
41
23
5
-2
-6
-13
-37
-48
-55
-56
-71
-75
-71
-61
-50
-34
-20
-12
-22
-41
-59
-64
-61
-48
-31
-13
-12
-14
-18
-20
-18
-14
-12
-13
-31
-48
-61
-57
-66
-63
-48
-20
11
47
72
82
46
-9
-58
-70
-60
-17
37
84
77
59
34
25
9
3
9
32
27
37
52
68
75
86
88
79
31
-17
-54
-63
-70
-44
-3
33
41
47
41
28
1
-29
-53
-64
-67
-48
-25
-3
-27
-56
-76
-67
-43
-2
42
74
82
74
52
26
-7
-36
-56
-55
-74
-70
-50
-14
6
32
55
74
69
52
32
25
11
10
17
32
20
17
20
25
24
32
37
33
1
-29
-53
-60
-72
-63
-42
-15
1
20
31
31
10
-22
-51
-66
-67
-48
-25
-10
-20
-34
-50
-59
-74
-82
-80
-61
-42
-14
12
29
31
20
1
-20
-37
-48
-55
-56
-71
-75
-71
-54
-57
-56
-45
-23
11
47
72
79
48
-2
-49
-65
-73
-51
-12
30
52
74
82
79
37
-17
-60
-72
-55
-2
54
91
54
-2
-55
-72
-60
-17
37
79
82
74
52
26
-7
-36
-56
-55
-74
-70
-50
-18
11
47
72
77
51
5
-41
-67
-78
-63
-35
-3
-17
-29
-35
-19
-5
17
44
76
77
71
64
66
64
71
77
78
41
10
-13
-19
-27
-9
15
38
18
-2
-19
-16
-24
-17
1
25
43
66
80
79
40
-9
-52
-63
-73
-51
-12
30
52
74
82
79
37
-17
-60
-68
-60
-17
37
86
75
52
26
22
19
30
49
75
70
71
70
75
49
30
19
22
26
52
75
86
37
-17
-60
-66
-62
-24
29
79
90
93
84
67
46
25
4
-11
-50
-70
-74
-60
-51
-22
10
31
31
20
1
-18
-39
-56
-63
-59
-61
-48
-31
-15
-10
-7
-10
-17
-28
-41
-53
-61
-69
-68
-63
-58
-60
-60
-60
-56
-65
-75
-78
-61
-45
-22
4
28
39
39
33
23
14
5
-4
-11
-42
-63
-72
-64
-48
-14
18
36
18
-14
-48
-62
-74
-70
-50
-14
6
32
55
69
73
66
49
26
-5
-29
-47
-52
-85
-97
-91
-60
-34
5
44
79
75
52
26
17
24
44
66
83
48
10
-19
-22
-19
10
48
79
71
59
41
25
3
-9
-15
-14
-29
-29
-23
-11
-23
-29
-29
-16
-13
-2
12
30
28
25
22
25
22
25
28
30
12
-2
-13
-18
-27
-22
-14
-6
-35
-63
-78
-69
-38
13
59
85
57
5
-47
-70
-70
-44
-3
35
39
39
33
23
14
5
-4
-15
-37
-48
-55
-52
-76
-90
-88
-66
-30
20
62
78
62
20
-30
-62
-93
-104
-93
-55
-37
-2
36
72
90
93
84
69
44
17
-5
-19
-35
-29
-17
-8
-31
-48
-61
-64
-59
-41
-22
-5
-27
-56
-76
-69
-41
5
51
77
72
47
11
-16
-53
-78
-83
-60
-43
-2
42
77
80
66
43
25
1
-17
-24
-14
-21
-9
9
35
26
17
13
25
30
44
60
71
65
59
47
32
-10
-44
-64
-58
-64
-44
-10
32
47
59
65
71
60
44
30
27
11
10
17
30
22
25
28
28
14
5
-4
-13
-39
-56
-63
-57
-63
-56
-39
-13
-4
5
14
26
30
32
30
26
14
5
-4
-8
-44
-70
-81
-60
-45
-9
33
76
88
86
75
66
54
44
36
27
5
-2
-6
-13
-37
-48
-55
-52
-76
-90
-88
-64
-32
13
53
82
65
25
-15
-26
-19
10
48
76
73
66
49
30
-10
-44
-64
-60
-62
-36
-1
35
37
32
24
21
24
32
37
38
-3
-44
-70
-70
-47
5
57
87
57
5
-47
-70
-70
-44
-3
40
34
25
16
25
27
37
52
75
68
64
62
73
59
56
59
70
64
71
77
73
46
25
4
-14
-48
-63
-66
-52
-66
-63
-48
-14
4
25
46
73
77
71
64
68
62
64
68
75
52
37
27
29
11
10
17
32
20
17
20
27
22
25
28
35
7
-17
-30
-21
-9
25
58
84
56
17
-17
-22
-22
3
39
73
84
93
90
79
29
-24
-62
-63
-62
-24
29
83
85
78
67
63
64
71
77
78
41
10
-13
-17
-30
-17
7
32
30
32
30
30
9
-9
-21
-19
-19
-2
18
33
20
5
-10
-20
-27
-22
-14
-10
-31
-48
-61
-59
-63
-56
-39
-15
-2
13
23
26
23
13
-2
-11
-44
-70
-81
-60
-45
-9
33
74
90
93
84
73
39
3
-22
-22
-17
17
56
81
61
32
0
-23
-35
-29
-17
-3
-35
-63
-78
-69
-38
13
59
85
57
5
-47
-70
-70
-44
-3
40
34
25
16
20
32
52
69
79
50
17
-11
-24
-25
-2
24
38
10
-22
-51
-66
-67
-48
-25
-3
-27
-56
-76
-69
-41
5
51
82
67
32
-6
-24
-30
-17
7
37
26
17
13
22
32
52
69
76
52
25
-2
-16
-40
-44
-34
-9
-15
-9
3
27
38
52
63
71
63
52
38
25
5
-2
-6
-11
-39
-56
-63
-57
-63
-56
-39
-18
1
20
31
29
12
-14
-42
-64
-78
-75
-65
-56
-60
-60
-60
-58
-63
-68
-69
-56
-57
-56
-45
-23
11
47
72
82
46
-9
-58
-68
-62
-24
29
81
88
86
75
71
49
30
19
26
21
37
58
80
58
37
21
24
21
37
58
73
65
59
47
28
-5
-29
-47
-59
-78
-75
-65
-49
-68
-82
-86
-66
-32
13
53
79
67
32
-6
-24
-30
-17
7
30
33
39
39
31
1
-29
-53
-57
-74
-70
-50
-14
6
32
55
69
73
66
49
26
-5
-29
-47
-52
-85
-97
-91
-62
-32
13
53
77
69
39
2
-23
-38
-36
-25
-6
-25
-36
-38
-16
-5
17
44
73
79
78
73
68
54
44
36
30
3
-9
-15
-16
-27
-22
-14
-8
-33
-56
-70
-62
-53
-29
1
31
39
39
33
26
12
-2
-13
-18
-27
-22
-14
-6
-35
-63
-78
-65
-43
-2
42
74
82
74
52
23
-5
-29
-47
-55
-82
-90
-82
-61
-40
-7
21
36
16
-22
-57
-71
-57
-22
16
41
16
-22
-57
-67
-62
-36
-1
35
37
32
24
23
22
25
28
35
7
-17
-30
-19
-11
17
50
81
66
44
24
20
24
44
66
83
48
10
-19
-20
-22
3
39
73
84
93
90
74
33
-9
-45
-62
-78
-63
-35
-10
-10
-7
-10
-13
-33
-56
-70
-62
-53
-29
1
33
37
32
24
21
24
32
37
38
-3
-44
-70
-65
-52
-9
40
79
80
66
43
21
5
-2
-6
-11
-39
-56
-63
-61
-59
-41
-22
-5
-27
-56
-76
-65
-45
-9
33
72
92
100
92
72
33
-9
-45
-60
-81
-70
-44
-6
-6
-2
5
23
41
59
71
72
55
32
6
-14
-50
-70
-74
-55
-56
-36
-7
28
49
66
73
69
55
32
6
-11
-53
-78
-83
-60
-43
-2
42
77
80
66
43
23
3
-9
-15
-9
-34
-44
-40
-21
2
39
69
79
51
5
-41
-62
-83
-78
-53
-14
9
39
63
77
58
25
-9
-24
-27
-9
15
38
18
-2
-19
-19
-21
-9
9
30
30
32
30
26
14
5
-4
-15
-37
-48
-55
-59
-69
-68
-63
-51
-68
-82
-86
-64
-34
5
44
72
82
74
52
26
-7
-36
-56
-57
-72
-63
-42
-15
1
20
31
36
5
-36
-68
-65
-54
-17
31
81
85
78
67
63
64
71
77
76
44
17
-5
-14
-40
-44
-34
-14
-10
5
20
31
20
5
-10
-16
-31
-36
-31
-14
-13
-2
12
32
26
17
13
25
30
44
60
73
63
52
38
27
3
-9
-15
-11
-31
-36
-31
-18
-8
13
29
33
10
-22
-51
-66
-67
-48
-25
-10
-20
-34
-50
-59
-74
-82
-80
-59
-45
-22
4
26
41
47
41
26
4
-22
-45
-59
-80
-82
-74
-56
-53
-41
-28
-17
-10
-7
-10
-15
-31
-48
-61
-61
-61
-48
-31
-10
-14
-22
-27
-16
-15
-9
3
23
43
66
80
81
37
-17
-60
-70
-58
-9
46
82
72
47
11
-20
-48
-63
-66
-57
-61
-48
-31
-10
-14
-22
-27
-18
-13
-2
12
32
26
17
13
20
34
59
77
84
37
-17
-60
-68
-60
-17
37
84
77
59
34
18
16
25
34
38
-1
-36
-62
-67
-57
-22
16
43
14
-29
-66
-70
-52
-9
40
81
77
59
34
22
11
10
17
30
22
25
28
28
14
5
-4
-8
-44
-70
-81
-60
-45
-9
33
74
90
93
84
71
41
10
-13
-15
-32
-24
-2
27
43
66
80
74
44
5
-34
-62
-88
-90
-76
-56
-50
-34
-20
-8
-27
-56
-76
-71
-38
13
59
87
54
-2
-55
-70
-62
-24
29
79
90
93
84
71
41
10
-13
-17
-30
-17
7
37
26
17
13
20
34
59
77
84
37
-17
-60
-70
-58
-9
46
82
72
47
11
-18
-50
-70
-74
-60
-51
-22
10
36
26
5
-16
-23
-19
-2
18
31
23
13
-2
-18
-37
-48
-55
-54
-74
-82
-80
-64
-40
-7
21
32
21
-7
-40
-66
-78
-75
-65
-54
-63
-68
-69
-63
-50
-34
-20
-10
-25
-48
-67
-64
-53
-29
1
28
41
47
41
28
1
-29
-53
-60
-72
-63
-42
-11
-4
5
14
23
33
39
39
33
-1
-36
-62
-67
-57
-22
16
41
16
-22
-57
-71
-57
-22
16
36
21
-7
-40
-61
-82
-90
-82
-59
-42
-14
12
29
31
20
1
-18
-39
-56
-63
-57
-63
-56
-39
-13
-4
5
14
28
28
25
22
25
22
25
28
32
9
-9
-21
-19
-19
-2
18
35
18
-2
-19
-19
-21
-9
9
28
33
39
39
31
1
-29
-53
-57
-74
-70
-50
-11
4
25
46
71
79
78
73
66
56
52
45
37
-12
-51
-73
-67
-47
5
57
89
54
-2
-55
-70
-62
-24
29
79
90
93
84
69
44
17
-5
-12
-42
-51
-42
-19
2
39
69
77
53
13
-32
-60
-93
-104
-93
-60
-32
13
53
75
72
47
11
-18
-50
-70
-74
-57
-53
-29
1
28
41
47
41
26
4
-22
-45
-55
-85
-97
-91
-62
-32
13
53
79
67
32
-6
-28
-25
-2
24
36
12
-14
-42
-64
-78
-75
-65
-54
-63
-68
-69
-63
-50
-34
-20
-8
-27
-56
-76
-67
-43
-2
42
79
77
59
34
20
13
17
26
35
9
-9
-21
-21
-16
5
26
40
5
-36
-68
-65
-54
-17
31
74
92
100
92
74
31
-17
-54
-61
-73
-51
-12
37
45
52
56
68
70
71
70
73
52
37
27
27
13
17
26
37
7
-17
-30
-24
-6
32
67
82
51
5
-41
-65
-81
-70
-44
-11
-2
13
23
28
20
5
-10
-16
-31
-36
-31
-14
-13
-2
12
28
30
32
30
28
12
-2
-13
-16
-29
-29
-23
-8
-25
-36
-38
-19
-2
25
52
72
73
66
49
28
-7
-36
-56
-57
-72
-63
-42
-11
-4
5
14
23
33
39
39
31
1
-29
-53
-60
-72
-63
-42
-13
-2
13
23
33
15
-9
-27
-26
-6
32
67
82
51
5
-41
-67
-78
-63
-35
-3
-17
-29
-35
-21
-2
25
52
72
73
66
49
28
-7
-36
-56
-55
-74
-70
-50
-14
6
32
55
74
69
52
32
25
11
10
17
32
20
17
20
30
20
17
20
30
20
17
20
27
22
25
28
35
7
-17
-30
-24
-6
32
67
82
51
5
-41
-62
-83
-78
-53
-14
9
39
63
77
58
25
-9
-26
-25
-2
24
36
12
-14
-42
-61
-80
-82
-74
-54
-55
-48
-37
-18
-2
13
23
28
20
5
-10
-18
-29
-29
-23
-15
-18
-14
-12
-8
-35
-63
-78
-65
-43
-2
42
74
82
74
52
30
-12
-51
-73
-61
-54
-17
31
74
92
100
92
74
31
-17
-54
-61
-73
-51
-12
30
52
74
82
79
37
-17
-60
-66
-62
-24
29
76
92
100
92
72
33
-9
-45
-65
-76
-56
-27
-1
-27
-56
-76
-65
-45
-9
33
76
88
86
75
66
54
44
36
27
5
-2
-6
-11
-39
-56
-63
-61
-59
-41
-22
-5
-27
-56
-76
-65
-45
-9
33
72
92
100
92
72
33
-9
-45
-65
-76
-56
-27
-8
-20
-34
-50
-61
-71
-75
-71
-56
-55
-48
-37
-20
1
20
31
29
12
-14
-42
-61
-80
-82
-74
-52
-57
-56
-45
-16
4
25
46
73
77
71
64
68
62
64
68
71
56
52
45
35
-10
-44
-64
-58
-64
-44
-10
35
45
52
56
64
75
86
88
79
31
-17
-54
-67
-66
-29
14
41
18
-14
-48
-64
-72
-63
-42
-15
1
20
31
29
12
-14
-42
-59
-82
-90
-82
-57
-45
-22
4
28
39
39
33
28
9
-9
-21
-19
-19
-2
18
31
23
13
-2
-18
-37
-48
-55
-52
-76
-90
-88
-64
-32
13
53
79
67
32
-6
-26
-27
-9
15
33
23
13
-2
-15
-39
-56
-63
-59
-61
-48
-31
-15
-10
-7
-10
-13
-33
-56
-70
-64
-51
-22
10
33
29
13
-8
-20
-29
-29
-23
-8
-25
-36
-38
-21
0
32
61
74
63
39
9
-14
-53
-78
-83
-58
-45
-9
33
74
90
93
84
71
41
10
-13
-19
-27
-9
15
33
23
13
-2
-15
-39
-56
-63
-59
-61
-48
-31
-8
-17
-29
-35
-25
2
39
69
82
48
-2
-49
-67
-70
-44
-3
33
41
47
41
28
1
-29
-53
-62
-70
-56
-33
-6
-17
-29
-35
-19
-5
17
44
69
84
93
90
79
29
-24
-62
-70
-55
-2
54
89
57
5
-47
-72
-68
-36
5
43
24
-2
-25
-26
-9
25
58
79
61
32
0
-16
-42
-51
-42
-16
0
32
61
81
56
17
-17
-26
-17
17
56
81
61
32
0
-19
-40
-44
-34
-11
-13
-2
12
30
28
25
22
23
24
32
37
33
1
-29
-53
-64
-67
-48
-25
-5
-25
-48
-67
-66
-51
-22
10
31
31
20
1
-15
-42
-63
-72
-57
-56
-36
-7
26
52
74
82
74
42
-2
-43
-60
-83
-78
-53
-11
6
32
55
69
73
66
49
30
-10
-44
-64
-65
-57
-22
16
39
18
-14
-48
-66
-70
-56
-33
-10
-12
-14
-18
-15
-23
-29
-29
-14
-15
-9
3
30
36
44
54
71
70
71
70
73
52
37
27
27
13
17
26
30
14
5
-4
-13
-39
-56
-63
-55
-66
-63
-48
-20
11
47
72
79
48
-2
-49
-67
-70
-44
-3
40
34
25
16
18
34
59
77
84
37
-17
-60
-68
-60
-17
37
81
80
66
43
23
3
-9
-15
-9
-34
-44
-40
-19
0
32
61
79
58
25
-9
-26
-25
-2
24
43
5
-36
-68
-70
-49
-2
48
86
65
25
-15
-26
-19
10
48
79
71
59
41
27
1
-17
-24
-14
-21
-9
9
32
28
25
22
25
22
25
28
30
12
-2
-13
-18
-27
-22
-14
-13
-28
-41
-53
-54
-76
-90
-88
-60
-37
-2
36
76
85
78
67
63
64
71
77
73
46
25
4
-16
-45
-56
-57
-49
-76
-90
-88
-64
-32
13
53
82
65
25
-15
-24
-22
3
39
78
79
78
73
73
49
30
19
22
26
52
75
86
37
-17
-60
-66
-62
-24
29
76
92
100
92
69
36
-2
-37
-60
-88
-90
-76
-52
-55
-48
-37
-18
-2
13
23
28
20
5
-10
-20
-27
-22
-14
-6
-35
-63
-78
-67
-41
5
51
82
67
32
-6
-28
-25
-2
24
38
10
-22
-51
-64
-70
-56
-33
-10
-12
-14
-18
-13
-25
-36
-38
-16
-5
17
44
73
79
78
73
73
49
30
19
24
24
44
66
83
48
10
-19
-24
-17
17
56
86
56
17
-17
-22
-22
3
39
76
81
86
81
73
41
10
-13
-15
-32
-24
-2
34
36
44
54
68
73
78
79
76
41
10
-13
-17
-30
-17
7
37
26
17
13
27
27
37
52
73
70
71
70
71
54
44
36
32
1
-17
-24
-14
-21
-9
9
32
28
25
22
23
24
32
37
38
-3
-44
-70
-70
-47
5
57
82
62
20
-30
-64
-91
-97
-85
-55
-45
-22
4
31
37
32
24
23
22
25
28
35
7
-17
-30
-24
-6
32
67
84
48
-2
-49
-67
-70
-44
-3
35
39
39
33
26
12
-2
-13
-18
-27
-22
-14
-6
-35
-63
-78
-69
-38
13
59
82
59
13
-38
-69
-78
-63
-35
-8
-12
-14
-18
-20
-18
-14
-12
-13
-31
-48
-61
-61
-61
-48
-31
-10
-14
-22
-27
-18
-13
-2
12
28
30
32
30
30
9
-9
-21
-19
-19
-2
18
35
18
-2
-19
-19
-21
-9
9
30
30
32
30
30
9
-9
-21
-16
-21
-9
9
32
28
25
22
25
22
25
28
30
12
-2
-13
-16
-29
-29
-23
-13
-20
-22
-20
-18
-18
-14
-12
-13
-31
-48
-61
-64
-59
-41
-22
-8
-25
-48
-67
-66
-51
-22
10
38
24
-2
-25
-28
-6
32
67
84
48
-2
-49
-65
-73
-51
-12
30
52
74
82
77
40
-9
-52
-65
-70
-44
-3
38
37
32
24
25
20
17
20
32
17
10
11
27
30
44
60
76
60
44
30
29
9
3
9
32
27
37
52
71
73
78
79
71
46
25
4
-11
-50
-70
-74
-60
-51
-22
10
36
26
5
-16
-25
-16
5
26
33
12
-14
-42
-59
-82
-90
-82
-55
-47
-29
-5
28
47
59
65
67
65
59
47
30
-7
-36
-56
-55
-74
-70
-50
-11
4
25
46
69
81
86
81
73
41
10
-13
-15
-32
-24
-2
32
38
52
63
69
65
59
47
35
-12
-51
-73
-67
-47
5
57
85
59
13
-38
-65
-83
-78
-53
-11
6
32
55
72
71
59
41
30
-2
-24
-32
-21
-6
32
67
84
48
-2
-49
-70
-68
-36
5
36
31
20
1
-13
-44
-70
-81
-67
-38
13
59
80
62
20
-30
-69
-86
-82
-68
-49
-65
-75
-78
-64
-42
-14
12
29
31
20
1
-18
-39
-56
-63
-59
-61
-48
-31
-15
-10
-7
-10
-17
-28
-41
-53
-61
-69
-68
-63
-58
-60
-60
-60
-54
-68
-82
-86
-64
-34
5
44
79
75
52
26
17
24
44
66
79
52
25
-2
-19
-38
-36
-25
-13
-18
-14
-12
-13
-31
-48
-61
-64
-59
-41
-22
-5
-27
-56
-76
-67
-43
-2
42
81
75
52
26
17
24
44
66
83
48
10
-19
-20
-22
3
39
78
79
78
73
68
54
44
36
27
5
-2
-6
-11
-39
-56
-63
-59
-61
-48
-31
-15
-10
-7
-10
-13
-33
-56
-70
-66
-48
-14
18
39
16
-22
-57
-71
-57
-22
16
39
18
-14
-48
-66
-70
-56
-33
-10
-12
-14
-18
-18
-20
-22
-20
-11
-25
-36
-38
-21
0
32
61
77
61
32
0
-16
-42
-51
-42
-16
0
32
61
81
56
17
-17
-29
-15
25
65
82
53
13
-32
-62
-91
-97
-85
-59
-40
-7
21
36
16
-22
-57
-65
-64
-44
-10
35
45
52
56
71
68
64
62
66
67
78
85
76
36
-2
-37
-60
-88
-90
-76
-56
-50
-34
-20
-12
-22
-41
-59
-61
-63
-56
-39
-15
-2
13
23
28
20
5
-10
-18
-29
-29
-23
-13
-20
-22
-20
-15
-20
-22
-20
-11
-25
-36
-38
-19
-2
25
52
76
69
52
32
27
9
3
9
27
32
52
69
79
50
17
-11
-19
-30
-17
7
35
28
25
22
30
17
10
11
27
30
44
60
73
63
52
38
32
-2
-24
-32
-15
-13
10
41
78
77
71
64
66
64
71
77
73
46
25
4
-11
-50
-70
-74
