-50
-50
-50
-50
-50
-50
-50
-50
-49
-52
-56
-56
-52
-42
-30
-20
-14
-25
-42
-55
-55
-40
-16
7
20
7
-16
-40
-51
-62
-59
-44
-14
-3
12
28
43
56
63
60
48
17
-14
-39
-48
-68
-65
-46
-14
-1
18
34
48
44
32
18
14
-1
-6
-1
17
14
20
31
46
48
51
52
48
25
6
-10
-16
-36
-40
-32
-14
-15
-8
2
15
16
18
16
18
-2
-20
-28
-19
-14
6
29
52
41
26
12
13
7
14
29
49
45
46
45
48
31
20
14
14
4
6
12
16
4
-2
-9
-14
-38
-54
-59
-49
-45
-28
-6
18
21
18
12
11
10
12
14
19
-2
-20
-28
-22
-9
18
42
53
30
-2
-35
-51
-68
-65
-46
-16
1
23
40
51
34
6
-18
-22
-20
0
27
49
48
43
31
15
-12
-34
-47
-48
-59
-54
-38
-13
-11
-8
-2
11
24
37
46
51
27
0
-20
-22
-18
6
34
56
34
6
-18
-21
-22
-6
21
51
52
51
48
46
31
20
14
16
2
0
6
16
10
12
14
19
-2
-20
-28
-18
-16
0
23
46
56
63
60
48
17
-14
-39
-48
-68
-65
-46
-13
-3
12
28
43
56
63
60
46
20
-8
-33
-49
-71
-73
-63
-44
-47
-42
-33
-20
-4
9
17
19
-4
-34
-55
-52
-46
-20
15
48
63
69
63
48
15
-20
-46
-51
-58
-40
-10
18
25
29
25
16
-8
-34
-51
-54
-47
-22
5
21
7
-16
-40
-55
-55
-42
-25
-11
-25
-42
-55
-55
-40
-16
7
21
5
-22
-47
-55
-49
-28
-2
22
10
-8
-23
-22
-14
6
29
51
44
32
18
14
-1
-6
-1
13
20
37
50
54
19
-20
-50
-56
-47
-14
26
57
40
12
-15
-24
-20
0
27
49
48
43
31
18
-17
-45
-60
-54
-39
-2
34
53
39
9
-26
-55
-69
-68
-57
-41
-57
-68
-69
-54
-28
4
32
50
44
23
-3
-20
-36
-40
-32
-16
-13
-2
9
16
9
-2
-13
-20
-25
-22
-17
-12
-31
-48
-57
-52
-43
-22
1
16
17
9
-4
-19
-35
-48
-53
-49
-51
-42
-29
-15
-15
-16
-19
-20
-19
-16
-15
-14
-31
-48
-57
-54
-40
-16
7
18
9
-10
-34
-53
-63
-62
-55
-46
-52
-56
-56
-52
-42
-30
-20
-12
-27
-48
-61
-52
-39
-14
17
48
60
63
56
43
28
12
-3
-17
-39
-48
-49
-44
-61
-68
-65
-47
-41
-28
-10
16
26
32
36
45
45
46
45
49
29
14
7
14
10
20
35
48
42
37
28
19
-17
-45
-60
-49
-46
-20
15
52
56
51
44
44
37
34
37
44
44
51
56
49
20
-8
-33
-46
-76
-85
-76
-48
-31
-2
26
51
48
32
14
10
10
20
35
49
40
32
22
17
-9
-26
-30
-21
-9
18
42
51
32
4
-28
-54
-69
-68
-57
-46
-50
-50
-50
-47
-55
-62
-63
-52
-36
-16
3
19
10
-8
-23
-23
-11
12
36
53
36
12
-11
-22
-26
-14
4
21
6
-8
-19
-20
-19
-8
6
21
4
-14
-26
-22
-11
12
36
53
36
12
-11
-19
-30
-26
-9
19
20
26
33
48
43
40
39
43
44
51
56
51
17
-14
-39
-52
-61
-48
-27
-11
-23
-36
-48
-53
-48
-36
-23
-12
-25
-42
-55
-55
-40
-16
7
18
9
-10
-34
-53
-63
-62
-55
-44
-55
-62
-63
-53
-34
-10
9
17
9
-10
-34
-52
-65
-68
-61
-44
-49
-48
-39
-17
-3
12
28
45
54
57
54
46
25
6
-10
-17
-34
-34
-26
-13
-23
-28
-27
-16
-18
-14
-4
13
24
37
46
46
34
18
-1
-19
-39
-48
-49
-44
-61
-68
-65
-47
-41
-28
-10
16
26
32
36
45
45
46
45
45
36
32
26
18
-12
-34
-47
-51
-55
-42
-25
-9
-27
-48
-61
-57
-32
4
36
53
36
4
-32
-57
-61
-48
-27
-8
-27
-48
-61
-55
-35
-2
30
50
47
29
3
-20
-42
-54
-55
-49
-48
-36
-23
-12
-25
-42
-55
-51
-47
-34
-12
15
31
43
48
48
29
6
-14
-22
-23
-8
10
24
-4
-34
-55
-54
-43
-14
22
51
52
43
27
14
-9
-26
-30
-18
-14
6
29
49
46
37
24
16
-9
-26
-30
-19
-11
12
36
54
34
6
-18
-24
-18
6
34
53
38
18
-5
-20
-34
-34
-26
-11
-26
-34
-34
-20
-5
18
38
51
36
12
-11
-21
-28
-20
-2
21
12
6
4
11
18
32
44
48
34
18
-1
-14
-46
-65
-68
-49
-37
-8
24
48
55
49
33
12
-10
-28
-41
-47
-65
-68
-61
-47
-44
-36
-27
-18
-12
-10
-12
-15
-31
-48
-57
-49
-47
-34
-12
15
31
43
48
46
32
12
-7
-19
-34
-34
-26
-11
-26
-34
-34
-22
-3
23
44
54
26
-14
-47
-57
-47
-14
26
53
47
29
3
-20
-42
-54
-55
-44
-55
-54
-42
-16
-3
12
28
48
49
46
41
44
39
40
43
48
33
26
20
14
-2
-8
-11
-11
-40
-59
-66
-54
-32
4
36
56
32
-8
-45
-60
-45
-8
32
54
39
9
-26
-52
-74
-79
-69
-49
-34
-10
9
21
2
-28
-53
-55
-43
-14
22
51
52
43
27
10
-2
-8
-11
-13
-38
-54
-59
-51
-43
-22
1
19
13
-2
-17
-19
-24
-20
-6
16
22
32
40
46
40
32
22
17
-9
-26
-30
-16
-16
0
23
51
49
46
41
43
41
46
49
51
23
0
-16
-16
-30
-26
-9
14
27
43
52
53
19
-20
-50
-56
-47
-14
26
57
40
12
-15
-24
-20
0
27
49
48
43
31
15
-12
-34
-47
-49
-57
-48
-31
-15
-12
-10
-12
-14
-34
-54
-63
-55
-32
4
36
51
39
9
-26
-55
-69
-68
-57
-46
-50
-50
-50
-50
-50
-50
-50
-49
-52
-56
-56
-49
-47
-42
-33
-17
-9
-2
4
13
16
18
16
15
2
-8
-15
-14
-32
-40
-36
-17
-7
12
32
48
46
37
24
16
-9
-26
-30
-18
-14
6
29
51
44
32
18
14
-1
-6
-1
14
18
32
44
52
27
0
-20
-21
-20
0
27
51
46
37
24
16
-9
-26
-30
-16
-16
0
23
46
56
63
60
51
13
-26
-52
-53
-50
-20
19
54
50
37
20
8
6
12
18
18
-4
-22
-39
-46
-69
-79
-74
-48
-33
-8
20
45
63
69
63
49
13
-26
-52
-56
-45
-8
32
57
34
-2
-39
-54
-60
-45
-17
19
28
37
42
46
37
26
16
13
4
6
12
21
-2
-20
-28
-18
-16
0
23
48
54
57
54
46
25
6
-10
-19
-31
-28
-19
-14
-27
-36
-44
-49
-59
-62
-59
-46
-49
-48
-39
-17
-3
12
28
43
56
63
60
46
20
-8
-33
-48
-74
-79
-69
-44
-41
-28
-10
16
26
32
36
42
50
57
58
49
17
-14
-39
-49
-66
-59
-40
-16
-4
9
17
15
3
-16
-36
-49
-67
-73
-67
-49
-36
-16
3
19
10
-8
-23
-25
-9
18
42
53
30
-2
-35
-51
-68
-65
-46
-16
1
23
40
47
40
23
1
-16
-46
-65
-68
-49
-37
-8
24
50
52
43
27
13
-6
-20
-24
-14
-24
-20
-6
17
20
26
33
48
43
40
39
46
39
40
43
49
31
20
14
17
-1
-6
-1
14
18
32
44
48
34
18
-1
-19
-39
-48
-49
-43
-63
-73
-71
-51
-31
-2
26
47
55
49
33
12
-10
-28
-41
-47
-65
-68
-61
-46
-47
-42
-33
-17
-9
-2
4
12
19
23
23
19
-10
-40
-58
-54
-41
-8
28
54
42
18
-9
-21
-30
-26
-9
17
22
32
40
49
35
20
10
11
12
26
41
52
29
6
-14
-22
-23
-8
10
21
1
-22
-43
-51
-59
-54
-38
-16
-7
4
11
16
6
-8
-19
-22
-17
-2
13
22
-4
-34
-55
-52
-46
-20
15
48
63
69
63
46
17
-14
-39
-51
-63
-54
-34
-9
-19
-28
-31
-23
-3
23
44
51
30
-2
-35
-52
-66
-59
-40
-13
-9
-2
4
12
19
23
23
16
-6
-28
-45
-51
-57
-48
-31
-14
-15
-16
-19
-16
-26
-34
-34
-22
-3
23
44
53
28
-8
-41
-57
-53
-28
2
21
9
-10
-34
-49
-69
-79
-74
-52
-26
9
39
54
32
-8
-45
-56
-52
-26
13
52
58
57
50
43
33
26
20
19
-9
-26
-30
-19
-11
12
36
53
36
12
-11
-22
-26
-14
4
22
4
-14
-26
-21
-14
6
29
51
44
32
18
11
4
6
12
16
4
-2
-9
-17
-33
-42
-47
-46
-61
-68
-65
-47
-41
-28
-10
16
26
32
36
45
45
46
45
48
31
20
14
14
4
6
12
19
0
-14
-22
-20
-17
-2
13
21
-2
-28
-49
-52
-51
-34
-8
18
23
23
19
16
-2
-20
-28
-22
-9
18
42
53
30
-2
-35
-55
-61
-48
-27
-11
-23
-36
-48
-49
-55
-54
-42
-16
-3
12
28
43
56
63
60
49
15
-20
-46
-52
-55
-34
-4
24
10
-8
-23
-23
-11
12
36
54
34
6
-18
-24
-18
6
34
51
40
23
1
-16
-46
-65
-68
-49
-37
-8
24
53
48
32
14
7
14
32
48
54
22
-14
-43
-55
-53
-28
2
26
2
-28
-53
-58
-39
-2
34
56
34
-2
-39
-55
-58
-40
-10
21
21
18
12
11
10
12
14
16
2
-8
-15
-17
-27
-28
-23
-17
-19
-16
-15
-12
-34
-54
-63
-51
-39
-14
17
51
56
51
44
42
41
46
49
48
28
12
-3
-14
-44
-59
-62
-51
-40
-16
7
20
7
-16
-40
-52
-59
-54
-38
-16
-7
4
11
18
4
-14
-26
-23
-9
18
42
53
30
-2
-35
-52
-66
-59
-40
-13
-9
-2
4
15
14
12
10
14
8
6
8
13
12
18
21
18
-6
-28
-45
-51
-57
-48
-31
-11
-19
-28
-31
-20
-7
12
32
51
41
26
12
8
14
32
48
53
24
-8
-37
-52
-63
-54
-34
-12
-15
-16
-19
-20
-19
-16
-15
-12
-34
-54
-63
-52
-37
-8
24
51
50
37
20
13
-1
-6
-1
13
20
37
50
51
24
-8
-37
-51
-66
-59
-40
-13
-9
-2
4
15
14
12
10
13
10
12
14
16
2
-8
-15
-17
-27
-28
-23
-13
-26
-34
-34
-17
-10
6
25
46
54
57
54
49
21
-6
-22
-19
-20
0
27
54
41
26
12
13
7
14
29
46
50
57
58
52
13
-26
-52
-51
-52
-26
13
49
63
69
63
48
15
-20
-46
-52
-55
-34
-4
21
15
4
-11
-20
-27
-28
-23
-16
-21
-22
-21
-19
-19
-16
-15
-17
-27
-36
-44
-49
-59
-62
-59
-46
-49
-48
-39
-17
-3
12
28
43
56
63
60
46
20
-8
-33
-48
-74
-79
-69
-47
-36
-16
3
18
13
-2
-17
-20
-22
-14
0
18
14
12
10
11
12
18
21
21
-10
-40
-58
-52
-43
-14
22
53
50
37
20
8
6
12
18
22
-10
-40
-58
-54
-41
-8
28
53
44
23
-3
-23
-31
-28
-19
-9
-34
-54
-63
-55
-32
4
36
53
36
4
-32
-54
-66
-59
-40
-16
-4
9
17
18
-2
-28
-49
-51
-54
-40
-14
16
31
43
48
49
27
0
-20
-19
-22
-6
21
49
54
57
54
48
23
0
-16
-16
-30
-26
-9
17
22
32
40
46
40
32
22
17
-9
-26
-30
-21
-9
18
42
54
28
-8
-41
-52
-60
-45
-17
19
28
37
42
46
37
26
16
11
6
12
18
22
-10
-40
-58
-52
-43
-14
22
51
52
43
27
14
-9
-26
-30
-21
-9
18
42
51
32
4
-28
-54
-69
-68
-57
-46
-50
-50
-50
-49
-52
-56
-56
-47
-49
-48
-39
-17
-3
12
28
48
49
46
41
42
44
51
56
52
15
-20
-46
-49
-60
-45
-17
19
28
37
42
45
40
32
22
16
-6
-20
-24
-17
-19
-8
6
21
4
-14
-26
-23
-9
18
42
56
26
-14
-47
-58
-45
-8
32
59
32
-8
-45
-60
-45
-8
32
57
34
-2
-39
-58
-53
-28
2
26
2
-28
-53
-57
-41
-8
28
54
42
18
-9
-21
-30
-26
-9
19
20
26
33
45
48
51
52
48
25
6
-10
-14
-38
-45
-38
-19
-3
23
44
54
26
-14
-47
-54
-52
-26
13
49
63
69
63
49
13
-26
-52
-51
-52
-26
13
54
56
51
44
43
39
40
43
51
29
14
7
13
12
26
41
51
32
12
-7
-20
-31
-28
-19
-9
-34
-54
-63
-55
-32
4
36
54
34
-2
-39
-55
-58
-40
-10
18
25
29
25
13
-4
-22
-39
-46
-69
-79
-74
-51
-28
4
32
53
40
12
-15
-25
-18
6
34
51
40
23
1
-17
-44
-59
-62
-46
-47
-34
-12
15
31
43
48
48
29
6
-14
-22
-23
-8
10
24
-4
-34
-55
-55
-41
-8
28
51
47
29
3
-17
-46
-65
-68
-52
-32
4
36
51
39
9
-26
-52
-74
-79
-69
-49
-34
-10
9
18
7
-16
-40
-51
-62
-59
-44
-16
-1
18
34
49
41
26
12
11
10
20
35
49
40
32
22
14
-4
-14
-18
-17
-25
-22
-17
-11
-34
-54
-63
-55
-32
4
36
54
34
-2
-39
-54
-60
-45
-17
18
31
43
48
46
32
12
-7
-20
-31
-28
-19
-14
-27
-36
-44
-50
-56
-56
-52
-46
-55
-62
-63
-49
-41
-28
-10
12
33
49
55
50
22
-14
-43
-52
-58
-40
-10
18
25
29
25
13
-4
-22
-39
-49
-65
-68
-61
-44
-49
-48
-39
-17
-3
12
28
48
49
46
41
42
44
51
56
49
20
-8
-33
-48
-74
-79
-69
-44
-41
-28
-10
15
28
37
42
43
42
37
28
18
-14
-40
-54
-52
-47
-22
5
23
5
-22
-47
-57
-47
-22
5
21
7
-16
-40
-55
-55
-42
-25
-11
-25
-42
-55
-51
-47
-34
-12
18
26
32
36
45
45
46
45
46
33
26
20
19
-9
-26
-30
-19
-11
12
36
53
36
12
-11
-22
-26
-14
4
18
11
4
-7
-19
-33
-42
-47
-44
-63
-73
-71
-54
-26
9
39
51
36
4
-32
-57
-61
-48
-27
-11
-23
-36
-48
-50
-53
-48
-35
-17
-7
4
11
13
11
4
-7
-17
-35
-48
-53
-49
-51
-42
-29
-17
-12
-10
-12
-15
-31
-48
-57
-52
-43
-22
1
19
13
-2
-17
-22
-19
-8
6
18
9
-2
-13
-16
-32
-40
-36
-19
-5
18
38
50
38
18
-5
-20
-34
-34
-26
-16
-19
-16
-15
-15
-29
-42
-51
-49
-53
-48
-35
-16
-9
-2
4
16
12
6
4
11
18
32
44
51
29
6
-14
-19
-28
-20
-2
19
14
12
10
16
6
0
2
13
18
32
44
52
27
0
-20
-22
-18
6
34
51
40
23
1
-16
-46
-65
-68
-48
-39
-14
17
49
58
57
50
45
31
20
14
16
2
0
6
16
10
12
14
15
4
-2
-9
-16
-35
-48
-53
-49
-51
-42
-29
-15
-15
-16
-19
-19
-21
-22
-21
-17
-21
-22
-21
-17
-21
-22
-21
-19
-19
-16
-15
-15
-29
-42
-51
-50
-51
-42
-29
-15
-15
-16
-19
-20
-19
-16
-15
-12
-34
-54
-63
-51
-39
-14
17
48
60
63
56
48
21
-6
-22
-21
-18
6
34
56
34
6
-18
-21
-22
-6
21
52
49
46
41
43
41
46
49
52
21
-6
-22
-19
-20
0
27
52
44
32
18
11
4
6
12
16
4
-2
-9
-14
-38
-54
-59
-49
-45
-28
-6
15
25
29
25
16
-8
-34
-51
-54
-47
-22
5
23
5
-22
-47
-52
-54
-40
-14
18
28
37
42
43
42
37
28
19
-17
-45
-60
-54
-39
-2
34
53
39
9
-26
-55
-69
-68
-57
-41
-57
-68
-69
-52
-31
-2
26
48
52
43
27
14
-9
-26
-30
-18
-14
6
29
51
44
32
18
10
6
12
18
18
-4
-22
-39
-49
-65
-68
-61
-49
-42
-30
-20
-15
-23
-36
-48
-52
-51
-42
-29
-15
-15
-16
-19
-17
-23
-28
-27
-17
-15
-8
2
16
14
12
10
16
6
0
2
14
16
26
37
51
35
20
10
11
12
26
41
51
32
12
-7
-19
-34
-34
-26
-13
-23
-28
-27
-20
-11
4
15
21
-4
-34
-55
-52
-46
-20
15
49
60
63
56
48
21
-6
-22
-19
-20
0
27
49
48
43
31
15
-12
-34
-47
-48
-59
-54
-38
-14
-9
-2
4
15
14
12
10
16
6
0
2
11
20
37
50
50
26
-2
-31
-52
-69
-68
-57
-44
-52
-56
-56
-47
-49
-48
-39
-17
-3
12
28
45
54
57
54
48
23
0
-16
-21
-23
-8
10
22
-2
-28
-49
-51
-54
-40
-14
19
26
32
36
42
50
57
58
48
20
-8
-33
-51
-69
-68
-57
-43
-55
-62
-63
-53
-34
-10
9
21
2
-28
-53
-58
-39
-2
34
57
32
-8
-45
-60
-45
-8
32
59
32
-8
-45
-58
-47
-14
26
53
47
29
3
-17
-46
-65
-68
-51
-35
-2
30
53
42
18
-9
-25
-23
-8
10
24
-4
-34
-55
-54
-43
-14
22
53
50
37
20
11
2
0
6
16
10
12
14
18
0
-14
-22
-19
-19
-8
6
19
6
-8
-19
-19
-22
-14
0
18
14
12
10
11
12
18
21
16
-4
-22
-39
-49
-65
-68
-61
-49
-42
-30
-20
-12
-27
-48
-61
-55
-35
-2
30
50
47
29
3
-22
-39
-48
-49
-43
-63
-73
-71
-49
-33
-8
20
48
58
57
50
43
33
26
20
17
-6
-20
-24
-16
-22
-14
0
18
14
12
10
13
10
12
14
18
0
-14
-22
-20
-17
-2
13
19
1
-22
-43
-51
-59
-54
-38
-14
-9
-2
4
13
16
18
16
15
2
-8
-15
-14
-32
-40
-36
-17
-7
12
32
46
48
43
31
13
-10
-28
-41
-47
-65
-68
-61
-47
-44
-36
-27
-18
-12
-10
-12
-14
-34
-54
-63
-54
-35
-2
30
51
44
23
-3
-23
-31
-28
-19
-14
-27
-36
-44
-46
-63
-73
-71
-54
-26
9
39
54
32
-8
-45
-60
-45
-8
32
54
39
9
-26
-52
-74
-79
-69
-49
-34
-10
9
20
5
-22
-47
-52
-54
-40
-14
18
28
37
42
45
40
32
22
16
-6
-20
-24
-16
-22
-14
0
19
12
6
4
11
18
32
44
51
29
6
-14
-19
-28
-20
-2
16
19
23
23
19
-10
-40
-58
-52
-43
-14
22
53
50
37
20
8
6
12
18
19
-6
-28
-45
-49
-59
-54
-38
-16
-7
4
11
15
9
-2
-13
-16
-32
-40
-36
-17
-7
12
32
46
48
43
31
16
-14
-40
-54
-49
-51
-34
-8
18
23
23
19
12
4
-2
-9
-13
-40
-59
-66
-54
-32
4
36
53
36
4
-32
-54
-66
-59
-40
-16
-4
9
17
18
-2
-28
-49
-54
-49
-28
-2
22
10
-8
-23
-21
-16
0
23
46
56
63
60
51
13
-26
-52
-53
-50
-20
19
53
52
43
27
11
-4
-14
-18
-16
-27
-28
-23
-16
-21
-22
-21
-17
-21
-22
-21
-14
-26
-34
-34
-20
-5
18
38
53
34
6
-18
-21
-22
-6
21
52
49
46
41
43
41
46
49
52
21
-6
-22
-19
-20
0
27
52
44
32
18
11
4
6
12
21
-2
-20
-28
-22
-9
18
42
51
32
4
-28
-54
-69
-68
-57
-46
-50
-50
-50
-46
-57
-68
-69
-51
-33
-8
20
46
60
63
56
43
28
12
-3
-13
-46
-65
-68
-51
-35
-2
30
51
44
23
-3
-23
-31
-28
-19
-14
-27
-36
-44
-49
-59
-62
-59
-47
-47
-42
-33
-19
-7
4
11
15
9
-2
-13
-20
-25
-22
-17
-14
-29
-42
-51
-47
-55
-54
-42
-20
3
29
47
50
30
-2
-35
-54
-63
-54
-34
-11
-17
-22
-25
-22
-11
4
15
18
1
-22
-43
-54
-55
-42
-25
-11
-25
-42
-55
-54
-43
-22
1
16
17
9
-4
-19
-35
-48
-53
-50
-48
-36
-23
-11
-27
-48
-61
-57
-32
4
36
56
32
-8
-45
-58
-47
-14
26
57
40
12
-15
-22
-22
-6
21
49
54
57
54
46
25
6
-10
-19
-31
-28
-19
-9
-34
-54
-63
-52
-37
-8
24
51
50
37
20
10
4
6
12
16
4
-2
-9
-17
-33
-42
-47
-47
-59
-62
-59
-49
-44
-36
-27
-17
-15
-16
-19
-17
-23
-28
-27
-20
-11
4
15
21
-4
-34
-55
-52
-46
-20
15
49
60
63
56
46
23
0
-16
-19
-26
-14
4
22
4
-14
-26
-19
-16
0
23
49
52
51
48
45
33
26
20
19
-9
-26
-30
-18
-14
6
29
51
44
32
18
13
2
0
6
17
8
6
8
16
8
6
8
17
6
0
2
14
16
26
37
46
42
37
28
16
-12
-34
-47
-51
-55
-42
-25
-12
-23
-36
-48
-53
-48
-36
-23
-14
-23
-36
-48
-50
-53
-48
-35
-17
-7
4
11
13
11
4
-7
-16
-38
-54
-59
-51
-43
-22
1
19
13
-2
-17
-23
-17
-2
13
22
-4
-34
-55
-52
-46
-20
15
52
56
51
44
43
39
40
43
48
33
26
20
19
-9
-26
-30
-19
-11
12
36
50
40
23
1
-19
-42
-54
-55
-49
-48
-36
-23
-12
-25
-42
-55
-51
-47
-34
-12
15
31
43
48
48
29
6
-14
-19
-28
-20
-2
16
19
23
23
15
-4
-22
-39
-50
-63
-62
-55
-47
-50
-50
-50
-50
-50
-50
-50
-46
-57
-68
-69
-52
-31
-2
26
